ARM_CGT_HELP=18.1.0.20181119
BBONE_FTDI_DRIVERS=2.8.30.20140130
C2000_CGT_HELP=18.1.0.20180221
C6000_CGT_HELP=7.4.0.20150713
CCS_DOC=12.5.0.00007
CCS_LAUNCHER=12.4.0.20230414
CCS_UTILS=1.0.0.20230823
CGT_DEFAULTLIBS_C2800=22.6.1.LTS
CGT_DEFAULTLIBS_C6000_V8P=8.3.12
CGT_DEFAULTLIBS_MSP430=21.6.1.LTS
CGT_DEFAULTLIBS_TMS470=20.2.7.LTS
CLOUDAGENT=0.5.4507
DEV_SUPPORT_AUTOMOTIVE=1.1.13
DEV_SUPPORT_C55XX=1.2.1
DEV_SUPPORT_C6000=1.1.7
DEV_SUPPORT_CC2538=2.0.4.11
DEV_SUPPORT_CC26XX=3.17.10.24
DEV_SUPPORT_CC3220=1.0.5
DEV_SUPPORT_CC3230=1.0.5
DEV_SUPPORT_CC32XX=1.0.8
DEV_SUPPORT_CC32XX_COMMON=1.0.8
DEV_SUPPORT_DAVINCI=1.1.6
DEV_SUPPORT_INTEGRA=1.1.2
DEV_SUPPORT_MMWAVE=1.7.7
DEV_SUPPORT_OMAP=1.1.0
DEV_SUPPORT_PGA=1.0.2
DEV_SUPPORT_SHARED=1.1.7
DEV_SUPPORT_SITARA=1.6.4
DEV_SUPPORT_SITARA_MCU=1.2.5
DEV_SUPPORT_UCD31XX=1.1.5
DMED=1.1.6
DS=12.5.0.3202
DS_FLASH=12.5.0.3202
EMU_BH=9.0.0.002
EMU_C2000=6.17.0.0
EMU_C2000_FLASH=1.0.0.5
EMU_HERCULES=6.0.9
EMU_TI=9.13.0.00201
INSTALLER=12.5.0.00007
KEYSTONE2=1.2.4
MSP430_BUILD_DEBUG=11.1.0.20211104
MSP430_CGT_HELP=18.1.0.20181119
MSP430_GCC_SUPPORT=11.1.0.20211104
MSP432_BUILD_DEBUG=11.1.0.20211104
MSPM0=1.02.00.05
MSVC_REDIST_LATEST=14.34.31938
NODEJS=18.16.0
SEGGER_J_LINK=7.88.0.c
SEGGER_J_LINK_DRIVERS=1.0.1.0
SYSCONFIG=1.18.0.3266
TARGETDB_DEF_PROPS=12.5.0.N202309161830
TARGET_CONTENT_CORE=3.62.1.16
TIREX=3.8.0.201911142334
TIREX4=4.15.0.202309151451
TIVA_STELLARIS_DRIVERS=2.1.3.15
TIVA_TM4C=2.1.1.15071
TIVA_TM4E=2.1.1.15071
TI_ARM_CLANG=3.2.0.LTS
USERGUIDE=12.5.0.202309221403
core=12.0.0.20220405
IDE=12.5.0.N202309161830
DVT=4.1.0.202307061549
JRE=11.0.13.8
IDE_GC=12.5.0.N202309161830
IDE_CHROME=12.5.0.N202309161830
IDE_TOOLS_COMMON=12.5.0.N202309161830
P2APP=12.5.0.N202309161830
P2TOOLS=7.0.0.202001271514
